acquire 1574
    0377 1574 1578 2463 2589 2625
    2658 2723 2777 2821 2836 2866
    2879 3076 3093 3366 3722 3742
    4207 4265 4370 4430 4635 4657
    4674 5058 5091 5113 5142 5160
    5170 5729 5754 5768 6613 6634
    6655 7960 8116 8158 8206
allocproc 2458
    2458 2507 2560
allocuvm 1953
    0422 1953 1967 2537 6446 6458
alltraps 3254
    3209 3217 3230 3235 3253 3254
ALT 7710
    7710 7738 7740
argfd 5919
    5919 5956 5971 5983 5994 6006
argint 3545
    0395 3545 3558 3574 3683 3706
    3720 5924 5971 5983 6208 6276
    6277 6331
argptr 3554
    0396 3554 5971 5983 6006 6357
argstr 3571
    0397 3571 6018 6108 6208 6257
    6275 6307 6331
BACK 8561
    8561 8674 8820 9089
backcmd 8596 8814
    8596 8609 8675 8814 8816 8942
    9055 9090
BACKSPACE 8050
    8050 8067 8094 8126 8132
balloc 4854
    4854 4876 5217 5225 5229
BBLOCK 3945
    3945 4863 4892
begin_op 4633
    0335 2620 4633 5783 5874 6021
    6111 6211 6256 6274 6306 6420
bfree 4883
    4883 5267 5281 5284
bget 4366
    4366 4398 4406
binit 4338
    0262 1231 4338
bmap 5210
    5210 5236 5371 5419
bootmain 9217
    9168 9217
BPB 3942
    3942 3945 4862 4864 4893
bread 4402
    0263 4402 4577 4578 4590 4611
    4689 4694 4831 4842 4863 4892
    5013 5034 5120 5226 5277 5371
    5419
brelse 4425
    0264 4425 4428 4581 4582 4597
    4619 4697 4698 4833 4845 4869
    4874 4899 5019 5022 5043 5128
    5232 5283 5374 5423
BSIZE 3911
    3911 3922 3936 3942 4558 4579
    4695 4843 5371 5372 5373 5415
    5419 5420 5421
buf 3750
    0250 0263 0264 0265 0307 0334
    2120 2123 2132 2134 3750 3754
    3755 3756 4111 4126 4129 4175
    4204 4254 4256 4259 4326 4330
    4334 4340 4353 4365 4368 4401
    4404 4414 4425 4505 4577 4578
    4590 4591 4597 4611 4612 4618
    4619 4689 4694 4764 4818 4829
    4840 4857 4885 5006 5031 5107
    5213 5261 5357 5405 7929 7940
    7944 7947 8103 8124 8138 8168
    8201 8208 8684 8687 8688 8689
    8703 8715 8716 8719 8720 8721
    8725
bwrite 4414
    0265 4414 4417 4580 4618 4696
bzero 4838
    4838 4870
B_BUSY 3759
    3759 4258 4376 4377 4390 4393
    4416 4427 4439
B_DIRTY 3761
    3761 4187 4216 4221 4260 4278
    4390 4418 4783
B_VALID 3760
    3760 4220 4260 4278 4407
C 7731 8109
    7731 7779 7804 7805 7806 7807
    7808 7810 8109 8119 8122 8129
    8140 8169
CAPSLOCK 7712
    7712 7745 7886
cgaputc 8055
    8055 8098
clearpteu 2029
    0431 2029 2035 6460
cli 0557
    0557 0559 1126 1660 8010 8089
    9112
cmd 8565
    8565 8577 8586 8587 8592 8593
    8598 8602 8606 8615 8618 8623
    8631 8637 8641 8651 8675 8677
    8752 8755 8757 8758 8759 8760
    8763 8764 8766 8768 8769 8770
    8771 8772 8773 8774 8775 8776
    8779 8780 8782 8784 8785 8786
    8787 8788 8789 8800 8801 8803
    8805 8806 8807 8808 8809 8810
    8813 8814 8816 8818 8819 8820
    8821 8822 8912 8913 8914 8915
    8917 8921 8924 8930 8931 8934
    8937 8939 8942 8946 8948 8950
    8953 8955 8958 8960 8963 8964
    8975 8978 8981 8985 9000 9003
    9008 9012 9013 9016 9021 9022
    9028 9037 9038 9044 9045 9051
    9052 9061 9064 9066 9072 9073
    9078 9084 9090 9091 9094
CMOS_PORT 7385
    7385 7399 7400 7438
CMOS_RETURN 7386
    7386 7441
CMOS_STATA 7425
    7425 7473
CMOS_STATB 7426
    7426 7466
CMOS_UIP 7427
    7427 7473
COM1 8313
    8313 8323 8326 8327 8328 8329
    8330 8331 8334 8340 8341 8357
    8359 8367 8369
commit 4703
    4553 4673 4703
CONSOLE 4039
    4039 8221 8222
consoleinit 8216
    0268 1227 8216
consoleintr 8112
    0270 7898 8112 8375
consoleread 8151
    8151 8222
consolewrite 8201
    8201 8221
consputc 8086
    7916 7947 7968 7986 7989 7993
    7994 8086 8126 8132 8139 8208
context 2343
    0251 0374 2306 2343 2361 2491
    2492 2493 2494 2740 2769 2928
CONV 7482
    7482 7483 7484 7485 7486 7487
    7488 7489
copyout 2118
    0430 2118 6468 6479
copyuvm 2053
    0427 2053 2064 2066 2564
cprintf 7952
    0269 1224 1264 1967 2926 2930
    2932 3390 3403 3408 3633 7119
    7139 7361 7562 7952 8012 8013
    8014 8017
cpu 2304
    0310 1224 1264 1266 1278 1506
    1566 1587 1608 1647 1661 1662
    1670 1672 1718 1731 1737 1876
    1877 1878 1879 2304 2314 2318
    2329 2740 2762 2768 2769 2770
    3365 3390 3391 3403 3404 3408
    3410 7013 7014 7361 8012
cpunum 7351
    0325 1288 1724 7351 7573 7582
CR0_PE 0727
    0727 1135 1171 9143
CR0_PG 0737
    0737 1050 1171
CR0_WP 0733
    0733 1050 1171
CR4_PSE 0739
    0739 1043 1164
create 6157
    6157 6177 6190 6194 6214 6257
    6278
CRTPORT 8051
    8051 8060 8061 8062 8063 8078
    8079 8080 8081
CTL 7709
    7709 7735 7739 7885
DAY 7432
    7432 7455
deallocuvm 1982
    0423 1968 1982 2016 2540
DEVSPACE 0204
    0204 1832 1845
devsw 4032
    4032 4037 5360 5362 5408 5410
    5711 8221 8222
dinode 3926
    3926 3936 5007 5014 5032 5035
    5108 5121
dirent 3950
    3950 5464 5505 6066 6104
dirlink 5502
    0287 5475 5502 5517 5525 6041
    6189 6193 6194
dirlookup 5461
    0288 5461 5469 5509 5628 6123
    6167
DIRSIZ 3948
    3948 3952 5455 5522 5578 5579
    5645 6015 6105 6161
DPL_USER 0779
    0779 1727 1728 2514 2515 3323
    3418 3427
E0ESC 7716
    7716 7870 7874 7875 7877 7880
elfhdr 0955
    0955 6415 9219 9224
ELF_MAGIC 0952
    0952 6431 9230
ELF_PROG_LOAD 0986
    0986 6442
end_op 4653
    0336 2622 4653 5785 5879 6023
    6030 6048 6057 6113 6147 6152
    6216 6221 6227 6236 6240 6258
    6262 6279 6283 6308 6314 6319
    6422 6452 6505
entry 1040
    0961 1036 1039 1040 3202 3203
    6492 6871 9221 9245 9246
EOI 7215
    7215 7334 7375
ERROR 7236
    7236 7327
ESR 7218
    7218 7330 7331
EXEC 8557
    8557 8622 8759 9065
exec 6410
    0274 6347 6410 8468 8529 8530
    8626 8627
execcmd 8569 8753
    8569 8610 8623 8753 8755 9021
    9027 9028 9056 9066
exit 2604
    0359 2604 2642 3355 3359 3419
    3428 3668 8416 8419 8461 8526
    8531 8616 8625 8635 8680 8728
    8735
EXTMEM 0202
    0202 0208 1829
fdalloc 5938
    5938 5958 6232 6362
fetchint 3517
    0398 3517 3547 6338
fetchstr 3529
    0399 3529 3576 6344
file 4000
    0252 0277 0278 0279 0281 0282
    0283 0351 2364 4000 4820 5708
    5714 5724 5727 5730 5751 5752
    5764 5766 5802 5815 5852 5913
    5919 5922 5938 5953 5967 5979
    5992 6003 6205 6354 6556 6571
    7910 8308 8578 8633 8634 8764
    8772 8972
filealloc 5725
    0277 5725 6232 6577
fileclose 5764
    0278 2615 5764 5770 5997 6234
    6365 6366 6604 6606
filedup 5752
    0279 2581 5752 5756 5960
fileinit 5718
    0280 1232 5718
fileread 5815
    0281 5815 5830 5973
filestat 5802
    0282 5802 6008
filewrite 5852
    0283 5852 5884 5889 5985
FL_IF 0710
    0710 1662 1668 2518 2766 7358
